

----Log for kpf_8_sum.txt-700----:

Solutions costs : [3593.0, 3593.0, 3593.0, 3593.0, 3593.0, 3593.0, 3593.0, 3593.0, 3593.0, 3593.0]
Solutions cost-time: [(3593.0, 180.25696396827698), (3593.0, 180.31040215492249), (3593.0, 180.25811314582825), (3593.0, 180.2607753276825), (3593.0, 180.31456995010376), (3593.0, 180.25946712493896), (3593.0, 180.32637739181519), (3593.0, 180.30598950386047), (3593.0, 180.25445866584778), (3593.0, 180.3351469039917)]
Best Solution: 3593.0
Average Solution: 3593.0



----Log for kpf_1_sum.txt-700----:

Solutions costs : [3586.0, 3586.0, 3585.0, 3586.0, 3586.0, 3586.0, 3586.0, 3586.0, 3586.0, 3585.0]
Solutions cost-time: [(3586.0, 180.30384993553162), (3586.0, 180.3143138885498), (3585.0, 180.2549102306366), (3586.0, 180.25609183311462), (3586.0, 180.305810213089), (3586.0, 180.2611494064331), (3586.0, 180.25432634353638), (3586.0, 180.30516362190247), (3586.0, 180.25380849838257), (3585.0, 180.2523455619812)]
Best Solution: 3586.0
Average Solution: 3585.8



----Log for kpf_3_sum.txt-700----:

Solutions costs : [3674.0, 3678.0, 3678.0, 3678.0, 3678.0, 3678.0, 3678.0, 3678.0, 3678.0, 3678.0]
Solutions cost-time: [(3674.0, 180.30822587013245), (3678.0, 180.26551938056946), (3678.0, 180.34967970848083), (3678.0, 180.36533737182617), (3678.0, 180.35942792892456), (3678.0, 180.2532525062561), (3678.0, 180.36131238937378), (3678.0, 180.30794548988342), (3678.0, 180.25535559654236), (3678.0, 180.33961868286133)]
Best Solution: 3678.0
Average Solution: 3677.6



----Log for kpf_2_sum.txt-700----:

Solutions costs : [3417.0, 3417.0, 3417.0, 3417.0, 3417.0, 3401.0, 3417.0, 3417.0, 3417.0, 3417.0]
Solutions cost-time: [(3417.0, 180.3132119178772), (3417.0, 180.26030039787292), (3417.0, 180.2580292224884), (3417.0, 180.30598950386047), (3417.0, 180.2551875114441), (3401.0, 180.258239030838), (3417.0, 180.30781722068787), (3417.0, 180.25962090492249), (3417.0, 180.3203468322754), (3417.0, 180.30198788642883)]
Best Solution: 3417.0
Average Solution: 3415.4



----Log for kpf_6_sum.txt-700----:

Solutions costs : [3594.0, 3586.0, 3586.0, 3586.0, 3586.0, 3586.0, 3586.0, 3586.0, 3586.0, 3586.0]
Solutions cost-time: [(3594.0, 180.26484608650208), (3586.0, 180.33885383605957), (3586.0, 180.31301927566528), (3586.0, 180.31741881370544), (3586.0, 180.26189589500427), (3586.0, 180.26375603675842), (3586.0, 180.31696319580078), (3586.0, 180.25840830802917), (3586.0, 180.255366563797), (3586.0, 180.31791734695435)]
Best Solution: 3594.0
Average Solution: 3586.8



----Log for kpf_9_sum.txt-700----:

Solutions costs : [3530.0, 3536.0, 3530.0, 3536.0, 3530.0, 3536.0, 3530.0, 3536.0, 3536.0, 3536.0]
Solutions cost-time: [(3530.0, 180.26089477539062), (3536.0, 180.256267786026), (3530.0, 180.31114554405212), (3536.0, 180.25588393211365), (3530.0, 180.32019114494324), (3536.0, 180.29480934143066), (3530.0, 180.39998865127563), (3536.0, 180.25671792030334), (3536.0, 180.34492182731628), (3536.0, 180.30232858657837)]
Best Solution: 3536.0
Average Solution: 3533.6



----Log for kpf_7_sum.txt-700----:

Solutions costs : [3519.0, 3519.0, 3519.0, 3519.0, 3519.0, 3519.0, 3519.0, 3519.0, 3519.0, 3519.0]
Solutions cost-time: [(3519.0, 180.25950622558594), (3519.0, 180.25854444503784), (3519.0, 180.30624341964722), (3519.0, 180.26172733306885), (3519.0, 180.25408005714417), (3519.0, 180.30179357528687), (3519.0, 180.25777864456177), (3519.0, 180.26005721092224), (3519.0, 180.30848908424377), (3519.0, 180.2581593990326)]
Best Solution: 3519.0
Average Solution: 3519.0



----Log for kpf_10_sum.txt-700----:

Solutions costs : [3637.0, 3638.0, 3638.0, 3638.0, 3634.0, 3638.0, 3637.0, 3638.0, 3638.0, 3638.0]
Solutions cost-time: [(3637.0, 180.33298516273499), (3638.0, 180.29312109947205), (3638.0, 180.2905797958374), (3638.0, 180.2569296360016), (3634.0, 180.330486536026), (3638.0, 180.29992628097534), (3637.0, 180.25774145126343), (3638.0, 180.32438683509827), (3638.0, 180.30015301704407), (3638.0, 180.25691723823547)]
Best Solution: 3638.0
Average Solution: 3637.4



----Log for kpf_5_sum.txt-700----:

Solutions costs : [3634.0, 3634.0, 3634.0, 3635.0, 3634.0, 3635.0, 3634.0, 3634.0, 3635.0, 3634.0]
Solutions cost-time: [(3634.0, 180.25469636917114), (3634.0, 180.30502891540527), (3634.0, 180.2583522796631), (3635.0, 180.25945901870728), (3634.0, 180.30369329452515), (3635.0, 180.25172233581543), (3634.0, 180.33657789230347), (3634.0, 180.2922646999359), (3635.0, 180.26396942138672), (3634.0, 180.32706475257874)]
Best Solution: 3635.0
Average Solution: 3634.3



----Log for kpf_4_sum.txt-700----:

Solutions costs : [3654.0, 3652.0, 3652.0, 3652.0, 3652.0, 3652.0, 3652.0, 3652.0, 3652.0, 3645.0]
Solutions cost-time: [(3654.0, 180.2935230731964), (3652.0, 180.2903332710266), (3652.0, 180.25799441337585), (3652.0, 180.31087374687195), (3652.0, 180.3048596382141), (3652.0, 180.26164412498474), (3652.0, 180.2572364807129), (3652.0, 180.2956416606903), (3652.0, 180.25716733932495), (3645.0, 180.26080179214478)]
Best Solution: 3654.0
Average Solution: 3651.5

