

----Log for kpf_8_sum.txt-1000----:

Solutions costs : [5025.0, 5083.0, 5083.0, 5025.0, 5025.0, 5083.0, 5025.0, 5025.0, 5025.0, 5083.0]
Solutions cost-time: [(5025.0, 180.41416883468628), (5083.0, 180.42469954490662), (5083.0, 180.4238395690918), (5025.0, 180.41787576675415), (5025.0, 180.43960285186768), (5083.0, 180.42337083816528), (5025.0, 180.44807267189026), (5025.0, 180.41895055770874), (5025.0, 180.4205150604248), (5083.0, 180.4237904548645)]
Best Solution: 5083.0
Average Solution: 5048.2



----Log for kpf_1_sum.txt-1000----:

Solutions costs : [4844.0, 4858.0, 4869.0, 4858.0, 4858.0, 4858.0, 4858.0, 4858.0, 4858.0, 4858.0]
Solutions cost-time: [(4844.0, 180.42598247528076), (4858.0, 180.42311930656433), (4869.0, 180.43115878105164), (4858.0, 180.43407106399536), (4858.0, 180.43516373634338), (4858.0, 180.4317889213562), (4858.0, 180.42496299743652), (4858.0, 180.42833161354065), (4858.0, 180.42819261550903), (4858.0, 180.4293930530548)]
Best Solution: 4869.0
Average Solution: 4857.7



----Log for kpf_3_sum.txt-1000----:

Solutions costs : [4991.0, 5023.0, 5035.0, 5051.0, 5051.0, 5023.0, 5023.0, 5023.0, 5023.0, 5023.0]
Solutions cost-time: [(4991.0, 180.42895936965942), (5023.0, 180.43307852745056), (5035.0, 180.43017864227295), (5051.0, 180.42572140693665), (5051.0, 180.4327096939087), (5023.0, 180.4293384552002), (5023.0, 180.42891216278076), (5023.0, 180.42248582839966), (5023.0, 180.43005776405334), (5023.0, 180.42921471595764)]
Best Solution: 5051.0
Average Solution: 5026.6



----Log for kpf_2_sum.txt-1000----:

Solutions costs : [4966.0, 4921.0, 4921.0, 4921.0, 4921.0, 4921.0, 4921.0, 4921.0, 4921.0, 4921.0]
Solutions cost-time: [(4966.0, 180.3813135623932), (4921.0, 180.45707893371582), (4921.0, 180.3909511566162), (4921.0, 180.44133973121643), (4921.0, 180.463871717453), (4921.0, 180.4012017250061), (4921.0, 180.42933583259583), (4921.0, 180.44189047813416), (4921.0, 180.3992805480957), (4921.0, 180.43536829948425)]
Best Solution: 4966.0
Average Solution: 4925.5



----Log for kpf_6_sum.txt-1000----:

Solutions costs : [5026.0, 5024.0, 5024.0, 5024.0, 5024.0, 5024.0, 5024.0, 5024.0, 5024.0, 5024.0]
Solutions cost-time: [(5026.0, 180.46584630012512), (5024.0, 180.42493557929993), (5024.0, 180.38395833969116), (5024.0, 180.47823548316956), (5024.0, 180.4216947555542), (5024.0, 180.38190937042236), (5024.0, 180.46517658233643), (5024.0, 180.4257457256317), (5024.0, 180.3851501941681), (5024.0, 180.45647931098938)]
Best Solution: 5026.0
Average Solution: 5024.2



----Log for kpf_9_sum.txt-1000----:

Solutions costs : [5089.0, 5089.0, 5089.0, 5089.0, 5089.0, 5089.0, 5089.0, 5089.0, 5089.0, 5089.0]
Solutions cost-time: [(5089.0, 180.42468690872192), (5089.0, 180.38285398483276), (5089.0, 180.46916389465332), (5089.0, 180.41823601722717), (5089.0, 180.38017916679382), (5089.0, 180.46355652809143), (5089.0, 180.43079733848572), (5089.0, 180.38272047042847), (5089.0, 180.47837924957275), (5089.0, 180.42029333114624)]
Best Solution: 5089.0
Average Solution: 5089.0



----Log for kpf_7_sum.txt-1000----:

Solutions costs : [5025.0, 5006.0, 5006.0, 5006.0, 5006.0, 5006.0, 5006.0, 5006.0, 5006.0, 5006.0]
Solutions cost-time: [(5025.0, 180.42257475852966), (5006.0, 180.4617567062378), (5006.0, 180.43272352218628), (5006.0, 180.38300442695618), (5006.0, 180.47230458259583), (5006.0, 180.42052841186523), (5006.0, 180.387291431427), (5006.0, 180.47078037261963), (5006.0, 180.43137431144714), (5006.0, 180.4120213985443)]
Best Solution: 5025.0
Average Solution: 5007.9



----Log for kpf_10_sum.txt-1000----:

Solutions costs : [5087.0, 5087.0, 5087.0, 5087.0, 5087.0, 5087.0, 5087.0, 5087.0, 5087.0, 5087.0]
Solutions cost-time: [(5087.0, 180.5418562889099), (5087.0, 180.37640190124512), (5087.0, 180.502788066864), (5087.0, 180.4434723854065), (5087.0, 180.3823790550232), (5087.0, 180.42904710769653), (5087.0, 180.5628776550293), (5087.0, 180.39409351348877), (5087.0, 180.47045803070068), (5087.0, 180.43673014640808)]
Best Solution: 5087.0
Average Solution: 5087.0



----Log for kpf_5_sum.txt-1000----:

Solutions costs : [5072.0, 5072.0, 5072.0, 5072.0, 5072.0, 5072.0, 5072.0, 5072.0, 5072.0, 5072.0]
Solutions cost-time: [(5072.0, 180.39975476264954), (5072.0, 180.45415782928467), (5072.0, 180.46252298355103), (5072.0, 180.40093445777893), (5072.0, 180.47915315628052), (5072.0, 180.45620036125183), (5072.0, 180.40956163406372), (5072.0, 180.4779360294342), (5072.0, 180.44830441474915), (5072.0, 180.41405200958252)]
Best Solution: 5072.0
Average Solution: 5072.0



----Log for kpf_4_sum.txt-1000----:

Solutions costs : [5099.0, 5099.0, 5099.0, 5099.0, 5099.0, 5099.0, 5099.0, 5099.0, 5099.0, 5099.0]
Solutions cost-time: [(5099.0, 180.48147320747375), (5099.0, 180.45304799079895), (5099.0, 180.3788161277771), (5099.0, 180.49455881118774), (5099.0, 180.41930627822876), (5099.0, 180.40390396118164), (5099.0, 180.47914505004883), (5099.0, 180.4626932144165), (5099.0, 180.3806014060974), (5099.0, 180.45755314826965)]
Best Solution: 5099.0
Average Solution: 5099.0

