

----Log for kpf_8_sum.txt-800----:

Solutions costs : [4036.0, 4036.0, 4036.0, 4036.0, 4027.0, 4036.0, 4027.0, 4036.0, 4036.0, 4036.0]
Solutions cost-time: [(4036.0, 180.33937072753906), (4036.0, 180.38836288452148), (4036.0, 180.297372341156), (4036.0, 180.33586764335632), (4027.0, 180.3580183982849), (4036.0, 180.31903958320618), (4027.0, 180.3190677165985), (4036.0, 180.29145169258118), (4036.0, 180.28990983963013), (4036.0, 180.31847524642944)]
Best Solution: 4036.0
Average Solution: 4034.2



----Log for kpf_1_sum.txt-800----:

Solutions costs : [4149.0, 4149.0, 4149.0, 4149.0, 4149.0, 4149.0, 4149.0, 4149.0, 4149.0, 4149.0]
Solutions cost-time: [(4149.0, 180.33032250404358), (4149.0, 180.28612852096558), (4149.0, 180.33637261390686), (4149.0, 180.2930030822754), (4149.0, 180.39523649215698), (4149.0, 180.34939241409302), (4149.0, 180.30005478858948), (4149.0, 180.3492739200592), (4149.0, 180.38207960128784), (4149.0, 180.32177639007568)]
Best Solution: 4149.0
Average Solution: 4149.0



----Log for kpf_3_sum.txt-800----:

Solutions costs : [4063.0, 4063.0, 4063.0, 4063.0, 4063.0, 4063.0, 4063.0, 4063.0, 4063.0, 4063.0]
Solutions cost-time: [(4063.0, 180.32158660888672), (4063.0, 180.2925250530243), (4063.0, 180.29180479049683), (4063.0, 180.32448506355286), (4063.0, 180.331200838089), (4063.0, 180.31627225875854), (4063.0, 180.3393840789795), (4063.0, 180.31522512435913), (4063.0, 180.31904768943787), (4063.0, 180.32639074325562)]
Best Solution: 4063.0
Average Solution: 4063.0



----Log for kpf_2_sum.txt-800----:

Solutions costs : [4010.0, 4010.0, 4010.0, 4010.0, 4010.0, 4010.0, 4010.0, 4010.0, 4010.0, 4010.0]
Solutions cost-time: [(4010.0, 180.2923092842102), (4010.0, 180.33718609809875), (4010.0, 180.2926948070526), (4010.0, 180.32489848136902), (4010.0, 180.32872128486633), (4010.0, 180.29731917381287), (4010.0, 180.29481983184814), (4010.0, 180.32874178886414), (4010.0, 180.3253493309021), (4010.0, 180.29525470733643)]
Best Solution: 4010.0
Average Solution: 4010.0



----Log for kpf_6_sum.txt-800----:

Solutions costs : [4238.0, 4235.0, 4235.0, 4235.0, 4235.0, 4235.0, 4235.0, 4235.0, 4235.0, 4235.0]
Solutions cost-time: [(4238.0, 180.3456907272339), (4235.0, 180.29249501228333), (4235.0, 180.3276810646057), (4235.0, 180.3241937160492), (4235.0, 180.31262254714966), (4235.0, 180.33864736557007), (4235.0, 180.28853011131287), (4235.0, 180.4023880958557), (4235.0, 180.331237077713), (4235.0, 180.3115587234497)]
Best Solution: 4238.0
Average Solution: 4235.3



----Log for kpf_9_sum.txt-800----:

Solutions costs : [4056.0, 4056.0, 4056.0, 4056.0, 4056.0, 4056.0, 4056.0, 4056.0, 4056.0, 4056.0]
Solutions cost-time: [(4056.0, 180.30165266990662), (4056.0, 180.32650589942932), (4056.0, 180.34336709976196), (4056.0, 180.29448008537292), (4056.0, 180.34690046310425), (4056.0, 180.29675817489624), (4056.0, 180.32499957084656), (4056.0, 180.3312225341797), (4056.0, 180.29735660552979), (4056.0, 180.33756113052368)]
Best Solution: 4056.0
Average Solution: 4056.0



----Log for kpf_7_sum.txt-800----:

Solutions costs : [4116.0, 4091.0, 4091.0, 4091.0, 4091.0, 4091.0, 4091.0, 4091.0, 4094.0, 4091.0]
Solutions cost-time: [(4116.0, 180.29500460624695), (4091.0, 180.3427164554596), (4091.0, 180.3515179157257), (4091.0, 180.30325651168823), (4091.0, 180.29554963111877), (4091.0, 180.35309886932373), (4091.0, 180.3667094707489), (4091.0, 180.34377074241638), (4094.0, 180.31519198417664), (4091.0, 180.29645800590515)]
Best Solution: 4116.0
Average Solution: 4093.8



----Log for kpf_10_sum.txt-800----:

Solutions costs : [4111.0, 4111.0, 4111.0, 4111.0, 4111.0, 4111.0, 4111.0, 4111.0, 4111.0, 4111.0]
Solutions cost-time: [(4111.0, 180.32193851470947), (4111.0, 180.32239270210266), (4111.0, 180.28853726387024), (4111.0, 180.32840585708618), (4111.0, 180.28735041618347), (4111.0, 180.32030582427979), (4111.0, 180.318585395813), (4111.0, 180.28972268104553), (4111.0, 180.2887852191925), (4111.0, 180.3172743320465)]
Best Solution: 4111.0
Average Solution: 4111.0



----Log for kpf_5_sum.txt-800----:

Solutions costs : [4065.0, 4065.0, 4065.0, 4065.0, 4065.0, 4065.0, 4065.0, 4065.0, 4065.0, 4065.0]
Solutions cost-time: [(4065.0, 180.32275366783142), (4065.0, 180.31815791130066), (4065.0, 180.2886471748352), (4065.0, 180.291654586792), (4065.0, 180.3152139186859), (4065.0, 180.32306838035583), (4065.0, 180.28581404685974), (4065.0, 180.32960748672485), (4065.0, 180.28930115699768), (4065.0, 180.31852912902832)]
Best Solution: 4065.0
Average Solution: 4065.0



----Log for kpf_4_sum.txt-800----:

Solutions costs : [3987.0, 3999.0, 3999.0, 3999.0, 3999.0, 3999.0, 3999.0, 3999.0, 3999.0, 3999.0]
Solutions cost-time: [(3987.0, 180.32395434379578), (3999.0, 180.29211473464966), (3999.0, 180.34090995788574), (3999.0, 180.2931613922119), (3999.0, 180.32114362716675), (3999.0, 180.32519817352295), (3999.0, 180.3031349182129), (3999.0, 180.33953762054443), (3999.0, 180.32397627830505), (3999.0, 180.32567143440247)]
Best Solution: 3999.0
Average Solution: 3997.8

