

----Log for kpf_8_sum.txt-500----:

Solutions costs : [2555.9999999999995, 2556.0, 2556.0, 2556.0, 2556.0, 2556.0, 2556.0, 2556.0, 2556.0, 2556.0]
Solutions cost-time: [(2555.9999999999995, 99.96751594543457), (2556.0, 102.59405779838562), (2556.0, 102.4789309501648), (2556.0, 101.8622579574585), (2556.0, 101.87170696258545), (2556.0, 102.25695514678955), (2556.0, 101.96092677116394), (2556.0, 101.4535722732544), (2556.0, 101.02884411811829), (2556.0, 101.35650968551636)]
Best Solution: 2556.0
Average Solution: 2556.0



----Log for kpf_1_sum.txt-500----:

Solutions costs : [2620.0, 2620.0, 2620.0, 2620.0, 2620.0, 2620.0, 2620.0, 2620.0, 2620.0, 2620.0]
Solutions cost-time: [(2620.0, 180.17922115325928), (2620.0, 180.25160241127014), (2620.0, 180.17774510383606), (2620.0, 180.28833746910095), (2620.0, 180.18004179000854), (2620.0, 180.27520751953125), (2620.0, 180.18147683143616), (2620.0, 180.28152680397034), (2620.0, 180.18006801605225), (2620.0, 180.28025102615356)]
Best Solution: 2620.0
Average Solution: 2620.0



----Log for kpf_3_sum.txt-500----:

Solutions costs : [2508.0, 2508.0, 2508.0, 2508.0, 2508.0, 2508.0, 2508.0, 2508.0, 2508.0, 2508.0]
Solutions cost-time: [(2508.0, 180.17764616012573), (2508.0, 180.17789125442505), (2508.0, 180.38982224464417), (2508.0, 180.2085235118866), (2508.0, 180.35242986679077), (2508.0, 180.1757845878601), (2508.0, 180.35007858276367), (2508.0, 180.17694473266602), (2508.0, 180.35006523132324), (2508.0, 180.1777949333191)]
Best Solution: 2508.0
Average Solution: 2508.0



----Log for kpf_2_sum.txt-500----:

Solutions costs : [2657.0, 2660.0, 2660.0, 2660.0, 2660.0, 2660.0, 2660.0, 2660.0, 2660.0, 2660.0]
Solutions cost-time: [(2657.0, 180.35208868980408), (2660.0, 180.1820204257965), (2660.0, 180.17458128929138), (2660.0, 180.18654704093933), (2660.0, 180.1767864227295), (2660.0, 180.1789813041687), (2660.0, 180.1781439781189), (2660.0, 180.17903327941895), (2660.0, 180.29480481147766), (2660.0, 180.18774461746216)]
Best Solution: 2660.0
Average Solution: 2659.7



----Log for kpf_6_sum.txt-500----:

Solutions costs : [2615.0, 2615.0, 2615.0, 2615.0, 2615.0, 2615.0, 2615.0, 2615.0, 2615.0, 2615.0]
Solutions cost-time: [(2615.0, 180.30963969230652), (2615.0, 180.18650770187378), (2615.0, 180.26714897155762), (2615.0, 180.1856369972229), (2615.0, 180.2593710422516), (2615.0, 180.183580160141), (2615.0, 180.26594519615173), (2615.0, 180.18343710899353), (2615.0, 180.27411222457886), (2615.0, 180.18646717071533)]
Best Solution: 2615.0
Average Solution: 2615.0



----Log for kpf_9_sum.txt-500----:

Solutions costs : [2613.0, 2613.0, 2613.0, 2613.0, 2613.0, 2613.0, 2613.0, 2613.0, 2613.0, 2613.0]
Solutions cost-time: [(2613.0, 134.79406666755676), (2613.0, 135.14753460884094), (2613.0, 134.9072380065918), (2613.0, 134.02480292320251), (2613.0, 133.98315525054932), (2613.0, 134.64691138267517), (2613.0, 133.66118383407593), (2613.0, 133.78892135620117), (2613.0, 134.17559266090393), (2613.0, 133.68323302268982)]
Best Solution: 2613.0
Average Solution: 2613.0



----Log for kpf_7_sum.txt-500----:

Solutions costs : [2618.0, 2627.0, 2627.0, 2627.0, 2627.0, 2627.0, 2627.0, 2627.0, 2627.0, 2627.0]
Solutions cost-time: [(2618.0, 180.17414164543152), (2627.0, 180.2475574016571), (2627.0, 180.17304039001465), (2627.0, 180.17415642738342), (2627.0, 180.22495079040527), (2627.0, 180.17921376228333), (2627.0, 180.17762780189514), (2627.0, 180.19090247154236), (2627.0, 180.1755087375641), (2627.0, 180.34270691871643)]
Best Solution: 2627.0
Average Solution: 2626.1



----Log for kpf_10_sum.txt-500----:

Solutions costs : [2555.0, 2555.0, 2555.0, 2555.0, 2555.0, 2555.0, 2555.0, 2555.0, 2555.0, 2555.0]
Solutions cost-time: [(2555.0, 180.18362092971802), (2555.0, 180.33302545547485), (2555.0, 180.17697310447693), (2555.0, 180.34644627571106), (2555.0, 180.22500443458557), (2555.0, 180.34374260902405), (2555.0, 180.1746482849121), (2555.0, 180.33772706985474), (2555.0, 180.1831955909729), (2555.0, 180.33278155326843)]
Best Solution: 2555.0
Average Solution: 2555.0



----Log for kpf_5_sum.txt-500----:

Solutions costs : [2623.0, 2623.0, 2623.0, 2623.0, 2623.0, 2623.0, 2623.0, 2623.0, 2623.0, 2623.0]
Solutions cost-time: [(2623.0, 180.17695784568787), (2623.0, 180.3267686367035), (2623.0, 180.17546200752258), (2623.0, 180.3271825313568), (2623.0, 180.1743607521057), (2623.0, 180.17638993263245), (2623.0, 180.36561250686646), (2623.0, 180.17627239227295), (2623.0, 180.32216024398804), (2623.0, 180.1785249710083)]
Best Solution: 2623.0
Average Solution: 2623.0



----Log for kpf_4_sum.txt-500----:

Solutions costs : [2554.0, 2554.0, 2554.0, 2554.0, 2554.0, 2554.0, 2554.0, 2554.0, 2554.0, 2554.0]
Solutions cost-time: [(2554.0, 180.31850743293762), (2554.0, 180.17556643486023), (2554.0, 180.25129914283752), (2554.0, 180.18436217308044), (2554.0, 180.18057250976562), (2554.0, 180.1784634590149), (2554.0, 180.17636489868164), (2554.0, 180.17578148841858), (2554.0, 180.17727899551392), (2554.0, 180.17700624465942)]
Best Solution: 2554.0
Average Solution: 2554.0

