

----Log for kpf_8_sum.txt-700----:

Solutions costs : [3610.0, 3610.0, 3610.0, 3610.0, 3610.0, 3615.0, 3615.0, 3610.0, 3610.0, 3610.0]
Solutions cost-time: [(3610.0, 180.25742602348328), (3610.0, 180.32677793502808), (3610.0, 180.27292394638062), (3610.0, 180.2552604675293), (3610.0, 180.31772327423096), (3615.0, 180.25831937789917), (3615.0, 180.25633215904236), (3610.0, 180.31596493721008), (3610.0, 180.26198863983154), (3610.0, 180.36097073554993)]
Best Solution: (3615.0, 180.25831937789917)
Best Time: (3610.0, 180.2552604675293)
Average Solution: 3611.0



----Log for kpf_1_sum.txt-700----:

Solutions costs : [3583.0, 3583.0, 3583.0, 3583.0, 3583.0, 3585.0, 3585.0, 3583.0, 3579.0, 3585.0]
Solutions cost-time: [(3583.0, 180.3200762271881), (3583.0, 180.32610201835632), (3583.0, 180.26744484901428), (3583.0, 180.36153960227966), (3583.0, 180.32704854011536), (3585.0, 180.26085495948792), (3585.0, 180.25662207603455), (3583.0, 180.32668232917786), (3579.0, 180.26614809036255), (3585.0, 180.2599868774414)]
Best Solution: (3585.0, 180.26085495948792)
Best Time: (3585.0, 180.25662207603455)
Average Solution: 3583.2



----Log for kpf_3_sum.txt-700----:

Solutions costs : [3673.0, 3673.0, 3677.0, 3673.0, 3673.0, 3677.0, 3673.0, 3673.0, 3673.0, 3673.0]
Solutions cost-time: [(3673.0, 180.32795643806458), (3673.0, 180.2591404914856), (3677.0, 180.25694751739502), (3673.0, 180.30885362625122), (3673.0, 180.25730657577515), (3677.0, 180.34144163131714), (3673.0, 180.3154594898224), (3673.0, 180.25673174858093), (3673.0, 180.3397204875946), (3673.0, 180.30012702941895)]
Best Solution: (3677.0, 180.25694751739502)
Best Time: (3673.0, 180.25673174858093)
Average Solution: 3673.8



----Log for kpf_2_sum.txt-700----:

Solutions costs : [3419.0, 3419.0, 3425.0, 3425.0, 3419.0, 3425.0, 3425.0, 3419.0, 3425.0, 3425.0]
Solutions cost-time: [(3419.0, 180.35733151435852), (3419.0, 180.256929397583), (3425.0, 180.25790095329285), (3425.0, 180.31550645828247), (3419.0, 180.25548219680786), (3425.0, 180.25793194770813), (3425.0, 180.3200135231018), (3419.0, 180.26957178115845), (3425.0, 180.26084637641907), (3425.0, 180.3169286251068)]
Best Solution: (3425.0, 180.25790095329285)
Best Time: (3419.0, 180.25548219680786)
Average Solution: 3422.6



----Log for kpf_6_sum.txt-700----:

Solutions costs : [3592.0, 3592.0, 3592.0, 3592.0, 3592.0, 3592.0, 3592.0, 3592.0, 3592.0, 3592.0]
Solutions cost-time: [(3592.0, 180.2612180709839), (3592.0, 180.35373330116272), (3592.0, 180.32847118377686), (3592.0, 180.3211395740509), (3592.0, 180.26121425628662), (3592.0, 180.3589813709259), (3592.0, 180.3168921470642), (3592.0, 180.25952887535095), (3592.0, 180.35380244255066), (3592.0, 180.3141119480133)]
Best Solution: (3592.0, 180.2612180709839)
Best Time: (3592.0, 180.25952887535095)
Average Solution: 3592.0



----Log for kpf_9_sum.txt-700----:

Solutions costs : [3541.0, 3541.0, 3541.0, 3541.0, 3541.0, 3541.0, 3541.0, 3541.0, 3541.0, 3541.0]
Solutions cost-time: [(3541.0, 180.25769329071045), (3541.0, 180.2691195011139), (3541.0, 180.3053913116455), (3541.0, 180.25999879837036), (3541.0, 180.2675702571869), (3541.0, 180.30654907226562), (3541.0, 180.26176524162292), (3541.0, 180.33228969573975), (3541.0, 180.31727123260498), (3541.0, 180.26399898529053)]
Best Solution: (3541.0, 180.25769329071045)
Best Time: (3541.0, 180.25769329071045)
Average Solution: 3541.0



----Log for kpf_7_sum.txt-700----:

Solutions costs : [3529.0, 3529.0, 3529.0, 3529.0, 3529.0, 3529.0, 3529.0, 3529.0, 3523.0, 3529.0]
Solutions cost-time: [(3529.0, 180.33314967155457), (3529.0, 180.302738904953), (3529.0, 180.31336736679077), (3529.0, 180.26161980628967), (3529.0, 180.32761192321777), (3529.0, 180.30971693992615), (3529.0, 180.26095867156982), (3529.0, 180.25648546218872), (3523.0, 180.3042230606079), (3529.0, 180.25940251350403)]
Best Solution: (3529.0, 180.33314967155457)
Best Time: (3529.0, 180.25648546218872)
Average Solution: 3528.4



----Log for kpf_10_sum.txt-700----:

Solutions costs : [3645.0, 3645.0, 3645.0, 3645.0, 3645.0, 3645.0, 3645.0, 3645.0, 3645.0, 3640.0]
Solutions cost-time: [(3645.0, 180.2614758014679), (3645.0, 180.3089280128479), (3645.0, 180.2608289718628), (3645.0, 180.25921297073364), (3645.0, 180.30551862716675), (3645.0, 180.25564908981323), (3645.0, 180.34100484848022), (3645.0, 180.30637860298157), (3645.0, 180.31131315231323), (3640.0, 180.25968050956726)]
Best Solution: (3645.0, 180.2614758014679)
Best Time: (3645.0, 180.25564908981323)
Average Solution: 3644.5



----Log for kpf_5_sum.txt-700----:

Solutions costs : [3628.0, 3628.0, 3636.0, 3628.0, 3628.0, 3636.0, 3628.0, 3628.0, 3636.0, 3628.0]
Solutions cost-time: [(3628.0, 180.34310483932495), (3628.0, 180.30937957763672), (3636.0, 180.2606062889099), (3628.0, 180.25465559959412), (3628.0, 180.30459427833557), (3636.0, 180.26134538650513), (3628.0, 180.25782108306885), (3628.0, 180.30368280410767), (3636.0, 180.25874662399292), (3628.0, 180.25634622573853)]
Best Solution: (3636.0, 180.2606062889099)
Best Time: (3628.0, 180.25465559959412)
Average Solution: 3630.4



----Log for kpf_4_sum.txt-700----:

Solutions costs : [3662.0, 3662.0, 3662.0, 3662.0, 3662.0, 3662.0, 3662.0, 3662.0, 3662.0, 3662.0]
Solutions cost-time: [(3662.0, 180.31274032592773), (3662.0, 180.25474214553833), (3662.0, 180.34707164764404), (3662.0, 180.31227827072144), (3662.0, 180.3121395111084), (3662.0, 180.25976061820984), (3662.0, 180.34053897857666), (3662.0, 180.31984853744507), (3662.0, 180.25887322425842), (3662.0, 180.34320425987244)]
Best Solution: (3662.0, 180.31274032592773)
Best Time: (3662.0, 180.25474214553833)
Average Solution: 3662.0

