

----Log for kpf_8_sum.txt-800----:

Solutions costs : [4037.0, 4037.0, 4037.0, 4037.0, 4037.0, 4037.0, 4037.0, 4037.0, 4037.0, 4037.0]
Solutions cost-time: [(4037.0, 180.3528859615326), (4037.0, 180.2990367412567), (4037.0, 180.36123538017273), (4037.0, 180.30468010902405), (4037.0, 180.33912420272827), (4037.0, 180.34540724754333), (4037.0, 180.31322574615479), (4037.0, 180.36548376083374), (4037.0, 180.30806493759155), (4037.0, 180.3498592376709)]
Best Solution: (4037.0, 180.3528859615326)
Best Time: (4037.0, 180.2990367412567)
Average Solution: 4037.0



----Log for kpf_1_sum.txt-800----:

Solutions costs : [4150.0, 4150.0, 4150.0, 4150.0, 4150.0, 4164.0, 4150.0, 4150.0, 4150.0, 4150.0]
Solutions cost-time: [(4150.0, 180.34953212738037), (4150.0, 180.30484223365784), (4150.0, 180.31726455688477), (4150.0, 180.33588218688965), (4150.0, 180.4262797832489), (4164.0, 180.3040895462036), (4150.0, 180.3575644493103), (4150.0, 180.3023521900177), (4150.0, 180.33248925209045), (4150.0, 180.33171367645264)]
Best Solution: (4164.0, 180.3040895462036)
Best Time: (4150.0, 180.3023521900177)
Average Solution: 4151.4



----Log for kpf_3_sum.txt-800----:

Solutions costs : [4100.0, 4100.0, 4100.0, 4100.0, 4100.0, 4100.0, 4100.0, 4100.0, 4100.0, 4100.0]
Solutions cost-time: [(4100.0, 180.29059171676636), (4100.0, 180.34506702423096), (4100.0, 180.29571223258972), (4100.0, 180.32299995422363), (4100.0, 180.33774495124817), (4100.0, 180.30021262168884), (4100.0, 180.30158114433289), (4100.0, 180.33596682548523), (4100.0, 180.34455156326294), (4100.0, 180.3083565235138)]
Best Solution: (4100.0, 180.29059171676636)
Best Time: (4100.0, 180.29059171676636)
Average Solution: 4100.0



----Log for kpf_2_sum.txt-800----:

Solutions costs : [4043.0, 4043.0, 4043.0, 4043.0, 4043.0, 4035.0, 4043.0, 4035.0, 4043.0, 4043.0]
Solutions cost-time: [(4043.0, 180.34113454818726), (4043.0, 180.2987880706787), (4043.0, 180.34514474868774), (4043.0, 180.33864068984985), (4043.0, 180.30093455314636), (4035.0, 180.35988426208496), (4043.0, 180.2994258403778), (4035.0, 180.34677290916443), (4043.0, 180.3458127975464), (4043.0, 180.30364203453064)]
Best Solution: (4043.0, 180.34113454818726)
Best Time: (4043.0, 180.2987880706787)
Average Solution: 4041.4



----Log for kpf_6_sum.txt-800----:

Solutions costs : [4234.0, 4234.0, 4234.0, 4234.0, 4234.0, 4234.0, 4234.0, 4234.0, 4234.0, 4234.0]
Solutions cost-time: [(4234.0, 180.30030274391174), (4234.0, 180.35994672775269), (4234.0, 180.35234379768372), (4234.0, 180.31601929664612), (4234.0, 180.34709882736206), (4234.0, 180.3015673160553), (4234.0, 180.3696482181549), (4234.0, 180.3424732685089), (4234.0, 180.36646437644958), (4234.0, 180.35340809822083)]
Best Solution: (4234.0, 180.30030274391174)
Best Time: (4234.0, 180.30030274391174)
Average Solution: 4234.0



----Log for kpf_9_sum.txt-800----:

Solutions costs : [4053.0, 4046.0, 4046.0, 4053.0, 4046.0, 4046.0, 4041.0, 4041.0, 4046.0, 4044.0]
Solutions cost-time: [(4053.0, 180.29790997505188), (4046.0, 180.3492193222046), (4046.0, 180.35697507858276), (4053.0, 180.3004035949707), (4046.0, 180.30185294151306), (4046.0, 180.36338996887207), (4041.0, 180.34798336029053), (4041.0, 180.30025100708008), (4046.0, 180.3749885559082), (4044.0, 180.32147479057312)]
Best Solution: (4053.0, 180.29790997505188)
Best Time: (4053.0, 180.29790997505188)
Average Solution: 4046.2



----Log for kpf_7_sum.txt-800----:

Solutions costs : [4104.0, 4102.0, 4099.0, 4101.0, 4102.0, 4102.0, 4099.0, 4102.0, 4102.0, 4102.0]
Solutions cost-time: [(4104.0, 180.40540480613708), (4102.0, 180.3831136226654), (4099.0, 180.30250072479248), (4101.0, 180.36237454414368), (4102.0, 180.3048961162567), (4102.0, 180.3329472541809), (4099.0, 180.33533763885498), (4102.0, 180.2953019142151), (4102.0, 180.2984037399292), (4102.0, 180.3397228717804)]
Best Solution: (4104.0, 180.40540480613708)
Best Time: (4102.0, 180.2953019142151)
Average Solution: 4101.5



----Log for kpf_10_sum.txt-800----:

Solutions costs : [4105.0, 4105.0, 4105.0, 4105.0, 4105.0, 4105.0, 4105.0, 4105.0, 4105.0, 4105.0]
Solutions cost-time: [(4105.0, 180.34640502929688), (4105.0, 180.29835653305054), (4105.0, 180.35906386375427), (4105.0, 180.29935479164124), (4105.0, 180.3329164981842), (4105.0, 180.33033895492554), (4105.0, 180.29194736480713), (4105.0, 180.35250043869019), (4105.0, 180.33942556381226), (4105.0, 180.3357448577881)]
Best Solution: (4105.0, 180.34640502929688)
Best Time: (4105.0, 180.29194736480713)
Average Solution: 4105.0



----Log for kpf_5_sum.txt-800----:

Solutions costs : [4050.0, 4050.0, 4050.0, 4050.0, 4050.0, 4050.0, 4050.0, 4050.0, 4050.0, 4050.0]
Solutions cost-time: [(4050.0, 180.3310558795929), (4050.0, 180.29477953910828), (4050.0, 180.29556274414062), (4050.0, 180.3766016960144), (4050.0, 180.33283734321594), (4050.0, 180.2931079864502), (4050.0, 180.34317064285278), (4050.0, 180.34429907798767), (4050.0, 180.32858562469482), (4050.0, 180.3534984588623)]
Best Solution: (4050.0, 180.3310558795929)
Best Time: (4050.0, 180.2931079864502)
Average Solution: 4050.0



----Log for kpf_4_sum.txt-800----:

Solutions costs : [3981.0, 3981.0, 3981.0, 3982.0, 3981.0, 3981.0, 3981.0, 3981.0, 3981.0, 3981.0]
Solutions cost-time: [(3981.0, 180.29916286468506), (3981.0, 180.3418116569519), (3981.0, 180.32986760139465), (3982.0, 180.32632517814636), (3981.0, 180.33194303512573), (3981.0, 180.29689168930054), (3981.0, 180.29913520812988), (3981.0, 180.32764983177185), (3981.0, 180.33427906036377), (3981.0, 180.2959222793579)]
Best Solution: (3982.0, 180.32632517814636)
Best Time: (3981.0, 180.2959222793579)
Average Solution: 3981.1

