

----Log for kpf_8_sum.txt-1000----:

Solutions costs : [5146.0, 5146.0, 5146.0, 5146.0, 5146.0, 5146.0, 5146.0, 5146.0, 5146.0, 5146.0]
Solutions cost-time: [(5146.0, 180.4591965675354), (5146.0, 180.38842630386353), (5146.0, 180.45706939697266), (5146.0, 180.4705891609192), (5146.0, 180.38795351982117), (5146.0, 180.48105549812317), (5146.0, 180.4659354686737), (5146.0, 180.38560152053833), (5146.0, 180.4566295146942), (5146.0, 180.46197247505188)]
Best Solution: (5146.0, 180.4591965675354)
Best Time: (5146.0, 180.38560152053833)
Average Solution: 5146.0



----Log for kpf_1_sum.txt-1000----:

Solutions costs : [4890.0, 4890.0, 4890.0, 4890.0, 4890.0, 4890.0, 4890.0, 4890.0, 4890.0, 4890.0]
Solutions cost-time: [(4890.0, 180.38937973976135), (4890.0, 180.4420826435089), (4890.0, 180.44647574424744), (4890.0, 180.38871145248413), (4890.0, 180.43576431274414), (4890.0, 180.4505693912506), (4890.0, 180.38615894317627), (4890.0, 180.43175220489502), (4890.0, 180.44017481803894), (4890.0, 180.3878152370453)]
Best Solution: (4890.0, 180.38937973976135)
Best Time: (4890.0, 180.38615894317627)
Average Solution: 4890.0



----Log for kpf_3_sum.txt-1000----:

Solutions costs : [5118.0, 5118.0, 5118.0, 5118.0, 5118.0, 5118.0, 5118.0, 5097.0, 5118.0, 5118.0]
Solutions cost-time: [(5118.0, 180.44309258460999), (5118.0, 180.48665761947632), (5118.0, 180.39919710159302), (5118.0, 180.4563295841217), (5118.0, 180.48904967308044), (5118.0, 180.39937353134155), (5118.0, 180.45551323890686), (5097.0, 180.4772310256958), (5118.0, 180.41127729415894), (5118.0, 180.45309853553772)]
Best Solution: (5118.0, 180.44309258460999)
Best Time: (5118.0, 180.39919710159302)
Average Solution: 5115.9



----Log for kpf_2_sum.txt-1000----:

Solutions costs : [4934.0, 4934.0, 4934.0, 4934.0, 4934.0, 4934.0, 4934.0, 4934.0, 4934.0, 4934.0]
Solutions cost-time: [(4934.0, 180.4600784778595), (4934.0, 180.38005948066711), (4934.0, 180.44713282585144), (4934.0, 180.49309277534485), (4934.0, 180.37971138954163), (4934.0, 180.4347643852234), (4934.0, 180.44479703903198), (4934.0, 180.37853598594666), (4934.0, 180.43722200393677), (4934.0, 180.43637776374817)]
Best Solution: (4934.0, 180.4600784778595)
Best Time: (4934.0, 180.37853598594666)
Average Solution: 4934.0



----Log for kpf_6_sum.txt-1000----:

Solutions costs : [5061.0, 5061.0, 5061.0, 5061.0, 5061.0, 5061.0, 5061.0, 5061.0, 5061.0, 5061.0]
Solutions cost-time: [(5061.0, 180.3816864490509), (5061.0, 180.4352946281433), (5061.0, 180.44293475151062), (5061.0, 180.38582825660706), (5061.0, 180.42921614646912), (5061.0, 180.470694065094), (5061.0, 180.3869969844818), (5061.0, 180.43415999412537), (5061.0, 180.43722534179688), (5061.0, 180.38129901885986)]
Best Solution: (5061.0, 180.3816864490509)
Best Time: (5061.0, 180.38129901885986)
Average Solution: 5061.0



----Log for kpf_9_sum.txt-1000----:

Solutions costs : [5104.0, 5103.0, 5104.0, 5103.0, 5103.0, 5104.0, 5104.0, 5103.0, 5103.0, 5103.0]
Solutions cost-time: [(5104.0, 180.4381182193756), (5103.0, 180.45959067344666), (5104.0, 180.39267134666443), (5103.0, 180.43438839912415), (5103.0, 180.45138502120972), (5104.0, 180.40190148353577), (5104.0, 180.43032217025757), (5103.0, 180.44351077079773), (5103.0, 180.38879346847534), (5103.0, 180.4371702671051)]
Best Solution: (5104.0, 180.4381182193756)
Best Time: (5103.0, 180.38879346847534)
Average Solution: 5103.4



----Log for kpf_7_sum.txt-1000----:

Solutions costs : [5034.0, 5034.0, 5034.0, 5034.0, 5034.0, 5034.0, 5034.0, 5034.0, 5034.0, 5034.0]
Solutions cost-time: [(5034.0, 180.47640109062195), (5034.0, 180.39684796333313), (5034.0, 180.4777159690857), (5034.0, 180.44659948349), (5034.0, 180.38597416877747), (5034.0, 180.4426543712616), (5034.0, 180.45651006698608), (5034.0, 180.39043045043945), (5034.0, 180.47960925102234), (5034.0, 180.46655821800232)]
Best Solution: (5034.0, 180.47640109062195)
Best Time: (5034.0, 180.38597416877747)
Average Solution: 5034.0



----Log for kpf_10_sum.txt-1000----:

Solutions costs : [5147.0, 5147.0, 5147.0, 5147.0, 5147.0, 5147.0, 5147.0, 5147.0, 5147.0, 5147.0]
Solutions cost-time: [(5147.0, 180.3887848854065), (5147.0, 180.473384141922), (5147.0, 180.46040606498718), (5147.0, 180.38883924484253), (5147.0, 180.49346089363098), (5147.0, 180.4848713874817), (5147.0, 180.38626670837402), (5147.0, 180.46513748168945), (5147.0, 180.45572876930237), (5147.0, 180.4092845916748)]
Best Solution: (5147.0, 180.3887848854065)
Best Time: (5147.0, 180.38626670837402)
Average Solution: 5147.0



----Log for kpf_5_sum.txt-1000----:

Solutions costs : [5119.0, 5119.0, 5119.0, 5119.0, 5119.0, 5119.0, 5119.0, 5119.0, 5119.0, 5119.0]
Solutions cost-time: [(5119.0, 180.43954277038574), (5119.0, 180.44160175323486), (5119.0, 180.38113737106323), (5119.0, 180.5512454509735), (5119.0, 180.44834685325623), (5119.0, 180.38200092315674), (5119.0, 180.44083499908447), (5119.0, 180.44950318336487), (5119.0, 180.3920497894287), (5119.0, 180.44367933273315)]
Best Solution: (5119.0, 180.43954277038574)
Best Time: (5119.0, 180.38113737106323)
Average Solution: 5119.0



----Log for kpf_4_sum.txt-1000----:

Solutions costs : [5102.0, 5102.0, 5102.0, 5102.0, 5102.0, 5102.0, 5102.0, 5102.0, 5102.0, 5102.0]
Solutions cost-time: [(5102.0, 180.44036388397217), (5102.0, 180.4004566669464), (5102.0, 180.44799089431763), (5102.0, 180.46252179145813), (5102.0, 180.38723707199097), (5102.0, 180.4540445804596), (5102.0, 180.44593143463135), (5102.0, 180.38326930999756), (5102.0, 180.4359269142151), (5102.0, 180.45864176750183)]
Best Solution: (5102.0, 180.44036388397217)
Best Time: (5102.0, 180.38326930999756)
Average Solution: 5102.0

