

----Log for kpf_8_sum.txt-500----:

Solutions costs : [2556.0, 2556.0, 2556.0, 2556.0, 2556.0, 2556.0, 2556.0, 2556.0, 2556.0, 2556.0]
Solutions cost-time: [(2556.0, 80.21592688560486), (2556.0, 80.2896568775177), (2556.0, 79.68753671646118), (2556.0, 80.55565762519836), (2556.0, 80.70016169548035), (2556.0, 80.28182601928711), (2556.0, 80.21477270126343), (2556.0, 79.7357132434845), (2556.0, 79.87751531600952), (2556.0, 79.80267524719238)]
Best Solution: (2556.0, 80.21592688560486)
Best Time: (2556.0, 79.68753671646118)
Average Solution: 2556.0



----Log for kpf_1_sum.txt-500----:

Solutions costs : [2615.0000000000005, 2615.0000000000005, 2615.0000000000005, 2615.0000000000005, 2616.0, 2616.0, 2615.0000000000005, 2615.0000000000005, 2615.0000000000005, 2618.0]
Solutions cost-time: [(2615.0000000000005, 180.18092966079712), (2615.0000000000005, 180.2921872138977), (2615.0000000000005, 180.17989420890808), (2615.0000000000005, 180.37930369377136), (2616.0, 180.1789174079895), (2616.0, 180.37145972251892), (2615.0000000000005, 180.19277930259705), (2615.0000000000005, 180.36507034301758), (2615.0000000000005, 180.17773938179016), (2618.0, 180.38875889778137)]
Best Solution: (2618.0, 180.38875889778137)
Best Time: (2615.0000000000005, 180.17773938179016)
Average Solution: 2615.5000000000005



----Log for kpf_3_sum.txt-500----:

Solutions costs : [2514.0, 2516.0, 2514.0, 2515.0, 2516.0, 2516.0, 2516.0, 2516.0, 2516.0, 2516.0]
Solutions cost-time: [(2514.0, 180.18202757835388), (2516.0, 180.23735642433167), (2514.0, 180.4618067741394), (2515.0, 180.18770051002502), (2516.0, 180.39229679107666), (2516.0, 180.1812343597412), (2516.0, 180.37059783935547), (2516.0, 180.19578003883362), (2516.0, 180.38488698005676), (2516.0, 180.17762970924377)]
Best Solution: (2516.0, 180.23735642433167)
Best Time: (2516.0, 180.17762970924377)
Average Solution: 2515.5



----Log for kpf_2_sum.txt-500----:

Solutions costs : [2660.0, 2660.0, 2660.0, 2660.0, 2660.0, 2660.0, 2660.0, 2660.0, 2660.0, 2660.0]
Solutions cost-time: [(2660.0, 180.17999076843262), (2660.0, 180.18094086647034), (2660.0, 180.19126200675964), (2660.0, 180.19019269943237), (2660.0, 180.19998598098755), (2660.0, 180.19697761535645), (2660.0, 180.31267762184143), (2660.0, 180.1816487312317), (2660.0, 180.32276678085327), (2660.0, 180.17819499969482)]
Best Solution: (2660.0, 180.17999076843262)
Best Time: (2660.0, 180.17819499969482)
Average Solution: 2660.0



----Log for kpf_6_sum.txt-500----:

Solutions costs : [2615.0, 2615.0, 2615.0, 2615.0, 2615.0, 2615.0, 2615.0, 2615.0, 2615.0, 2615.0]
Solutions cost-time: [(2615.0, 129.81423568725586), (2615.0, 129.681622505188), (2615.0, 130.02539992332458), (2615.0, 130.41165590286255), (2615.0, 132.93485522270203), (2615.0, 132.8899257183075), (2615.0, 130.06673789024353), (2615.0, 133.56883478164673), (2615.0, 135.64470720291138), (2615.0, 131.08434796333313)]
Best Solution: (2615.0, 129.81423568725586)
Best Time: (2615.0, 129.681622505188)
Average Solution: 2615.0



----Log for kpf_9_sum.txt-500----:

Solutions costs : [2613.0, 2613.0, 2613.0, 2613.0, 2613.0, 2613.0, 2613.0, 2613.0, 2613.0, 2613.0]
Solutions cost-time: [(2613.0, 104.64531016349792), (2613.0, 104.52950525283813), (2613.0, 107.27155709266663), (2613.0, 107.8504695892334), (2613.0, 108.58644485473633), (2613.0, 105.59327793121338), (2613.0, 109.76223850250244), (2613.0, 107.25630044937134), (2613.0, 105.10772204399109), (2613.0, 105.97735500335693)]
Best Solution: (2613.0, 104.64531016349792)
Best Time: (2613.0, 104.52950525283813)
Average Solution: 2613.0



----Log for kpf_7_sum.txt-500----:

Solutions costs : [2625.0, 2627.0, 2626.0, 2626.0, 2625.0, 2626.0, 2625.0, 2626.0, 2626.0, 2626.0]
Solutions cost-time: [(2625.0, 180.1798312664032), (2627.0, 180.18042850494385), (2626.0, 180.24144077301025), (2626.0, 180.18106293678284), (2625.0, 180.17974495887756), (2626.0, 180.17942810058594), (2625.0, 180.18864798545837), (2626.0, 180.31956815719604), (2626.0, 180.18255472183228), (2626.0, 180.31300616264343)]
Best Solution: (2627.0, 180.18042850494385)
Best Time: (2626.0, 180.17942810058594)
Average Solution: 2625.8



----Log for kpf_10_sum.txt-500----:

Solutions costs : [2558.0, 2558.0, 2558.0, 2558.0, 2558.0, 2558.0, 2558.0, 2558.0, 2558.0, 2558.0]
Solutions cost-time: [(2558.0, 180.17844939231873), (2558.0, 180.35616445541382), (2558.0, 180.1800298690796), (2558.0, 180.38597512245178), (2558.0, 180.1798655986786), (2558.0, 180.38101863861084), (2558.0, 180.18628430366516), (2558.0, 180.38546466827393), (2558.0, 180.17805743217468), (2558.0, 180.37312364578247)]
Best Solution: (2558.0, 180.17844939231873)
Best Time: (2558.0, 180.17805743217468)
Average Solution: 2558.0



----Log for kpf_5_sum.txt-500----:

Solutions costs : [2624.0, 2624.0, 2624.0, 2624.0, 2624.0, 2624.0, 2624.0, 2624.0, 2624.0, 2624.0]
Solutions cost-time: [(2624.0, 180.20008635520935), (2624.0, 180.36759686470032), (2624.0, 180.17834854125977), (2624.0, 180.17925214767456), (2624.0, 180.39303636550903), (2624.0, 180.17715716362), (2624.0, 180.3577742576599), (2624.0, 180.18404722213745), (2624.0, 180.33803415298462), (2624.0, 180.19342684745789)]
Best Solution: (2624.0, 180.20008635520935)
Best Time: (2624.0, 180.17715716362)
Average Solution: 2624.0



----Log for kpf_4_sum.txt-500----:

Solutions costs : [2556.0, 2556.0, 2556.0, 2556.0, 2556.0, 2556.0, 2556.0, 2556.0, 2556.0, 2556.0]
Solutions cost-time: [(2556.0, 180.3334345817566), (2556.0, 180.19075465202332), (2556.0, 180.17837524414062), (2556.0, 180.19076871871948), (2556.0, 180.1772563457489), (2556.0, 180.180757522583), (2556.0, 180.18709921836853), (2556.0, 180.17913269996643), (2556.0, 180.2646141052246), (2556.0, 180.17813062667847)]
Best Solution: (2556.0, 180.3334345817566)
Best Time: (2556.0, 180.1772563457489)
Average Solution: 2556.0

