

----Log for kpf_2_sum.txt-700----:

Solutions costs : [3425.0, 3425.0, 3425.0, 3425.0, 3424.0, 3425.0, 3425.0, 3425.0, 3425.0, 3425.0]
Solutions cost-time: [(3425.0, 180.74187636375427), (3425.0, 180.25390243530273), (3425.0, 180.25716710090637), (3425.0, 180.3068745136261), (3424.0, 180.2642424106598), (3425.0, 180.2588551044464), (3425.0, 180.33119654655457), (3425.0, 180.2664008140564), (3425.0, 180.25135707855225), (3425.0, 180.30634474754333)]
Best Solution: (3425.0, 180.74187636375427)
Average Solution: 3424.9



----Log for kpf_3_sum.txt-700----:

Solutions costs : [3676.0, 3678.0, 3673.0, 3678.0, 3678.0, 3674.0, 3678.0, 3678.0, 3678.0, 3678.0]
Solutions cost-time: [(3676.0, 180.25764632225037), (3678.0, 180.34053421020508), (3673.0, 180.30380821228027), (3678.0, 180.31975317001343), (3678.0, 180.25384259223938), (3674.0, 180.33450841903687), (3678.0, 180.31111454963684), (3678.0, 180.258695602417), (3678.0, 180.2565975189209), (3678.0, 180.31425762176514)]
Best Solution: (3678.0, 180.34053421020508)
Average Solution: 3676.9



----Log for kpf_4_sum.txt-700----:

Solutions costs : [3662.0, 3662.0, 3662.0, 3662.0, 3662.0, 3662.0, 3662.0, 3662.0, 3662.0, 3662.0]
Solutions cost-time: [(3662.0, 180.26382780075073), (3662.0, 180.25340938568115), (3662.0, 180.31952333450317), (3662.0, 180.2561547756195), (3662.0, 180.25792789459229), (3662.0, 180.31785440444946), (3662.0, 180.25205659866333), (3662.0, 180.34364557266235), (3662.0, 180.31000065803528), (3662.0, 180.25477957725525)]
Best Solution: (3662.0, 180.26382780075073)
Average Solution: 3662.0



----Log for kpf_5_sum.txt-700----:

Solutions costs : [3635.0, 3635.0, 3628.0, 3628.0, 3628.0, 3636.0, 3628.0, 3627.0, 3627.0, 3628.0]
Solutions cost-time: [(3635.0, 180.34742617607117), (3635.0, 180.31051468849182), (3628.0, 180.3102114200592), (3628.0, 180.25385332107544), (3628.0, 180.25006914138794), (3636.0, 180.31648969650269), (3628.0, 180.25376868247986), (3627.0, 180.25765085220337), (3627.0, 180.32706499099731), (3628.0, 180.25470519065857)]
Best Solution: (3636.0, 180.31648969650269)
Average Solution: 3630.0



----Log for kpf_6_sum.txt-700----:

Solutions costs : [3592.0, 3592.0, 3592.0, 3592.0, 3592.0, 3592.0, 3592.0, 3592.0, 3592.0, 3592.0]
Solutions cost-time: [(3592.0, 180.25414109230042), (3592.0, 180.37022423744202), (3592.0, 180.25449585914612), (3592.0, 180.36058592796326), (3592.0, 180.3611240386963), (3592.0, 180.3205966949463), (3592.0, 180.25950050354004), (3592.0, 180.3495066165924), (3592.0, 180.38533520698547), (3592.0, 180.25946760177612)]
Best Solution: (3592.0, 180.25414109230042)
Average Solution: 3592.0



----Log for kpf_7_sum.txt-700----:

Solutions costs : [3523.0, 3529.0, 3529.0, 3523.0, 3529.0, 3529.0, 3523.0, 3523.0, 3523.0, 3523.0]
Solutions cost-time: [(3523.0, 180.34724140167236), (3529.0, 180.30077624320984), (3529.0, 180.2579185962677), (3523.0, 180.25232434272766), (3529.0, 180.29792499542236), (3529.0, 180.25661063194275), (3523.0, 180.26133465766907), (3523.0, 180.29981184005737), (3523.0, 180.25417733192444), (3523.0, 180.3134467601776)]
Best Solution: (3529.0, 180.30077624320984)
Average Solution: 3525.4



----Log for kpf_9_sum.txt-700----:

Solutions costs : [3541.0, 3541.0, 3541.0, 3541.0, 3541.0, 3541.0, 3541.0, 3541.0, 3541.0, 3541.0]
Solutions cost-time: [(3541.0, 180.2980649471283), (3541.0, 180.25412273406982), (3541.0, 180.34574604034424), (3541.0, 180.30838203430176), (3541.0, 180.31806015968323), (3541.0, 180.25861501693726), (3541.0, 180.32947373390198), (3541.0, 180.31046986579895), (3541.0, 180.26110076904297), (3541.0, 180.26731705665588)]
Best Solution: (3541.0, 180.2980649471283)
Average Solution: 3541.0



----Log for kpf_10_sum.txt-700----:

Solutions costs : [3645.0, 3645.0, 3645.0, 3645.0, 3645.0, 3645.0, 3645.0, 3645.0, 3645.0, 3645.0]
Solutions cost-time: [(3645.0, 180.29707765579224), (3645.0, 180.25338745117188), (3645.0, 180.25425601005554), (3645.0, 180.2954761981964), (3645.0, 180.2564160823822), (3645.0, 180.26628232002258), (3645.0, 180.30598998069763), (3645.0, 180.25170993804932), (3645.0, 180.33712363243103), (3645.0, 180.29396867752075)]
Best Solution: (3645.0, 180.29707765579224)
Average Solution: 3645.0

