

----Log for kpf_7_sum.txt-800----:

Solutions costs : [4099.0, 4099.0, 4099.0, 4099.0, 4102.0, 4102.0, 4102.0, 4099.0, 4099.0, 4099.0]
Solutions cost-time: [(4099.0, 180.31499600410461), (4099.0, 180.33904218673706), (4099.0, 180.3340961933136), (4099.0, 180.2883324623108), (4102.0, 180.34218311309814), (4102.0, 180.3416039943695), (4102.0, 180.29579329490662), (4099.0, 180.36284255981445), (4099.0, 180.32343864440918), (4099.0, 180.32741832733154)]
Best Solution: (4102.0, 180.34218311309814)
Best Time: (4099.0, 180.2883324623108)
Average Solution: 4099.9



----Log for kpf_4_sum.txt-800----:

Solutions costs : [3982.0, 3981.0, 3982.0, 3981.0, 3981.0, 3981.0, 3981.0, 3981.0, 3981.0, 3981.0]
Solutions cost-time: [(3982.0, 180.3423330783844), (3981.0, 180.29508352279663), (3982.0, 180.29430532455444), (3981.0, 180.33292651176453), (3981.0, 180.33622550964355), (3981.0, 180.2968044281006), (3981.0, 180.34984755516052), (3981.0, 180.2933111190796), (3981.0, 180.33734679222107), (3981.0, 180.34176230430603)]
Best Solution: (3982.0, 180.3423330783844)
Best Time: (3981.0, 180.2933111190796)
Average Solution: 3981.2

