

----Log for kpf_8_sum.txt-800----:

Solutions costs : [4032.0, 4037.0, 4037.0, 4037.0, 4037.0, 4037.0, 4037.0, 4037.0, 4037.0, 4037.0]
Solutions cost-time: [(4032.0, 180.35411262512207), (4037.0, 180.29367637634277), (4037.0, 180.36822819709778), (4037.0, 180.29022669792175), (4037.0, 180.3430471420288), (4037.0, 180.3376157283783), (4037.0, 180.29237413406372), (4037.0, 180.359148979187), (4037.0, 180.33465027809143), (4037.0, 180.33753728866577)]
Best Solution: (4037.0, 180.29367637634277)
Average Solution: 4036.5



----Log for kpf_1_sum.txt-800----:

Solutions costs : [4150.0, 4150.0, 4150.0, 4150.0, 4150.0, 4150.0, 4150.0, 4150.0, 4150.0, 4150.0]
Solutions cost-time: [(4150.0, 180.34169244766235), (4150.0, 180.29017734527588), (4150.0, 180.29044222831726), (4150.0, 180.33813095092773), (4150.0, 180.34582781791687), (4150.0, 180.29265451431274), (4150.0, 180.34822916984558), (4150.0, 180.30140590667725), (4150.0, 180.32913994789124), (4150.0, 180.33459663391113)]
Best Solution: (4150.0, 180.34169244766235)
Average Solution: 4150.0



----Log for kpf_3_sum.txt-800----:

Solutions costs : [4100.0, 4100.0, 4100.0, 4100.0, 4100.0, 4100.0, 4100.0, 4100.0, 4100.0, 4100.0]
Solutions cost-time: [(4100.0, 180.28563022613525), (4100.0, 180.3395392894745), (4100.0, 180.3098747730255), (4100.0, 180.31473660469055), (4100.0, 180.31700134277344), (4100.0, 180.28664016723633), (4100.0, 180.28507161140442), (4100.0, 180.3151149749756), (4100.0, 180.34596943855286), (4100.0, 180.28264594078064)]
Best Solution: (4100.0, 180.28563022613525)
Average Solution: 4100.0



----Log for kpf_2_sum.txt-800----:

Solutions costs : [4043.0, 4035.0, 4035.0, 4043.0, 4035.0, 4034.0, 4043.0, 4035.0, 4034.0, 4034.0]
Solutions cost-time: [(4043.0, 180.33741068840027), (4035.0, 180.29115390777588), (4035.0, 180.32673811912537), (4043.0, 180.32884621620178), (4035.0, 180.2916157245636), (4034.0, 180.29227757453918), (4043.0, 180.3277497291565), (4035.0, 180.33431673049927), (4034.0, 180.29424381256104), (4034.0, 180.358647108078)]
Best Solution: (4043.0, 180.33741068840027)
Average Solution: 4037.1



----Log for kpf_6_sum.txt-800----:

Solutions costs : [4234.0, 4234.0, 4234.0, 4234.0, 4234.0, 4234.0, 4234.0, 4234.0, 4234.0, 4234.0]
Solutions cost-time: [(4234.0, 180.29263424873352), (4234.0, 180.32213020324707), (4234.0, 180.3617172241211), (4234.0, 180.32659530639648), (4234.0, 180.35019659996033), (4234.0, 180.2905662059784), (4234.0, 180.32880020141602), (4234.0, 180.33128309249878), (4234.0, 180.3115634918213), (4234.0, 180.31603360176086)]
Best Solution: (4234.0, 180.29263424873352)
Average Solution: 4234.0



----Log for kpf_9_sum.txt-800----:

Solutions costs : [4046.0, 4053.0, 4053.0, 4053.0, 4053.0, 4046.0, 4053.0, 4053.0, 4053.0, 4053.0]
Solutions cost-time: [(4046.0, 180.3257257938385), (4053.0, 180.34240555763245), (4053.0, 180.29606771469116), (4053.0, 180.37527680397034), (4053.0, 180.29158854484558), (4046.0, 180.33866786956787), (4053.0, 180.3370280265808), (4053.0, 180.29702258110046), (4053.0, 180.36822605133057), (4053.0, 180.28977990150452)]
Best Solution: (4053.0, 180.34240555763245)
Average Solution: 4051.6



----Log for kpf_7_sum.txt-800----:

Solutions costs : [4099.0, 4099.0, 4099.0, 4099.0, 4099.0, 4099.0, 4099.0, 4099.0, 4099.0, 4099.0]
Solutions cost-time: [(4099.0, 180.33004140853882), (4099.0, 180.32409715652466), (4099.0, 180.28274250030518), (4099.0, 180.28459239006042), (4099.0, 180.3205897808075), (4099.0, 180.3365523815155), (4099.0, 180.2878577709198), (4099.0, 180.3351650238037), (4099.0, 180.2959201335907), (4099.0, 180.32365608215332)]
Best Solution: (4099.0, 180.33004140853882)
Average Solution: 4099.0



----Log for kpf_10_sum.txt-800----:

Solutions costs : [4105.0, 4105.0, 4105.0, 4105.0, 4105.0, 4105.0, 4105.0, 4105.0, 4105.0, 4105.0]
Solutions cost-time: [(4105.0, 180.32099056243896), (4105.0, 180.2874722480774), (4105.0, 180.3822672367096), (4105.0, 180.28705310821533), (4105.0, 180.33966398239136), (4105.0, 180.34522223472595), (4105.0, 180.29948806762695), (4105.0, 180.2851061820984), (4105.0, 180.3188281059265), (4105.0, 180.32425570487976)]
Best Solution: (4105.0, 180.32099056243896)
Average Solution: 4105.0



----Log for kpf_5_sum.txt-800----:

Solutions costs : [4050.0, 4050.0, 4050.0, 4050.0, 4050.0, 4050.0, 4050.0, 4050.0, 4050.0, 4050.0]
Solutions cost-time: [(4050.0, 180.29452466964722), (4050.0, 180.3351285457611), (4050.0, 180.2860152721405), (4050.0, 180.31917881965637), (4050.0, 180.3212366104126), (4050.0, 180.28563022613525), (4050.0, 180.3286783695221), (4050.0, 180.29098558425903), (4050.0, 180.31678104400635), (4050.0, 180.32302927970886)]
Best Solution: (4050.0, 180.29452466964722)
Average Solution: 4050.0



----Log for kpf_4_sum.txt-800----:

Solutions costs : [3981.0, 3981.0, 3981.0, 3981.0, 3981.0, 3981.0, 3982.0, 3981.0, 3981.0, 3982.0]
Solutions cost-time: [(3981.0, 180.2882182598114), (3981.0, 180.29469323158264), (3981.0, 180.31928992271423), (3981.0, 180.3211634159088), (3981.0, 180.29331350326538), (3981.0, 180.33531665802002), (3982.0, 180.28903651237488), (3981.0, 180.3211224079132), (3981.0, 180.3225040435791), (3982.0, 180.29807138442993)]
Best Solution: (3982.0, 180.28903651237488)
Average Solution: 3981.2

