

----Log for kpf_8_sum.txt-1000----:

Solutions costs : [5146.0, 5146.0, 5146.0, 5146.0, 5146.0, 5146.0, 5146.0, 5146.0, 5146.0, 5146.0]
Solutions cost-time: [(5146.0, 180.4255714416504), (5146.0, 180.46982407569885), (5146.0, 180.42138409614563), (5146.0, 180.45029592514038), (5146.0, 180.45106148719788), (5146.0, 180.43198657035828), (5146.0, 180.41449284553528), (5146.0, 180.43530106544495), (5146.0, 180.45920777320862), (5146.0, 180.39241218566895)]
Best Solution: (5146.0, 180.4255714416504)
Average Solution: 5146.0



----Log for kpf_1_sum.txt-1000----:

Solutions costs : [4890.0, 4890.0, 4890.0, 4890.0, 4890.0, 4890.0, 4890.0, 4890.0, 4890.0, 4890.0]
Solutions cost-time: [(4890.0, 180.44243121147156), (4890.0, 180.43353509902954), (4890.0, 180.37426280975342), (4890.0, 180.42207407951355), (4890.0, 180.42570400238037), (4890.0, 180.37423825263977), (4890.0, 180.4438533782959), (4890.0, 180.43110513687134), (4890.0, 180.37410950660706), (4890.0, 180.4138798713684)]
Best Solution: (4890.0, 180.44243121147156)
Average Solution: 4890.0



----Log for kpf_3_sum.txt-1000----:

Solutions costs : [5118.0, 5097.0, 5118.0, 5118.0, 5118.0, 5118.0, 5118.0, 5118.0, 5118.0, 5118.0]
Solutions cost-time: [(5118.0, 180.44764137268066), (5097.0, 180.3782365322113), (5118.0, 180.44170808792114), (5118.0, 180.47494769096375), (5118.0, 180.3821873664856), (5118.0, 180.452623128891), (5118.0, 180.4466392993927), (5118.0, 180.38353610038757), (5118.0, 180.45672035217285), (5118.0, 180.4375400543213)]
Best Solution: (5118.0, 180.44764137268066)
Average Solution: 5115.9



----Log for kpf_2_sum.txt-1000----:

Solutions costs : [4934.0, 4934.0, 4934.0, 4934.0, 4934.0, 4934.0, 4934.0, 4934.0, 4934.0, 4934.0]
Solutions cost-time: [(4934.0, 180.532648563385), (4934.0, 180.4329481124878), (4934.0, 180.42812395095825), (4934.0, 180.3698651790619), (4934.0, 180.5166506767273), (4934.0, 180.42821717262268), (4934.0, 180.37077379226685), (4934.0, 180.42156434059143), (4934.0, 180.46767354011536), (4934.0, 180.40428376197815)]
Best Solution: (4934.0, 180.532648563385)
Average Solution: 4934.0



----Log for kpf_6_sum.txt-1000----:

Solutions costs : [5061.0, 5061.0, 5061.0, 5061.0, 5061.0, 5061.0, 5061.0, 5061.0, 5061.0, 5061.0]
Solutions cost-time: [(5061.0, 180.4239101409912), (5061.0, 180.42669439315796), (5061.0, 180.36681866645813), (5061.0, 180.415034532547), (5061.0, 180.4197654724121), (5061.0, 180.36873388290405), (5061.0, 180.41691732406616), (5061.0, 180.42439341545105), (5061.0, 180.38464498519897), (5061.0, 180.4188461303711)]
Best Solution: (5061.0, 180.4239101409912)
Average Solution: 5061.0



----Log for kpf_9_sum.txt-1000----:

Solutions costs : [5096.0, 5103.0, 5103.0, 5096.0, 5103.0, 5103.0, 5096.0, 5103.0, 5103.0, 5103.0]
Solutions cost-time: [(5096.0, 180.453626871109), (5103.0, 180.37973761558533), (5103.0, 180.4374554157257), (5096.0, 180.43302536010742), (5103.0, 180.40291738510132), (5103.0, 180.42543292045593), (5096.0, 180.4452347755432), (5103.0, 180.37570762634277), (5103.0, 180.42189288139343), (5103.0, 180.44886302947998)]
Best Solution: (5103.0, 180.37973761558533)
Average Solution: 5100.9



----Log for kpf_7_sum.txt-1000----:

Solutions costs : [5034.0, 5034.0, 5034.0, 5034.0, 5034.0, 5034.0, 5034.0, 5034.0, 5034.0, 5034.0]
Solutions cost-time: [(5034.0, 180.3770453929901), (5034.0, 180.42996048927307), (5034.0, 180.4593436717987), (5034.0, 180.37278580665588), (5034.0, 180.42554378509521), (5034.0, 180.48330926895142), (5034.0, 180.4085876941681), (5034.0, 180.46090126037598), (5034.0, 180.44103693962097), (5034.0, 180.40658712387085)]
Best Solution: (5034.0, 180.3770453929901)
Average Solution: 5034.0



----Log for kpf_10_sum.txt-1000----:

Solutions costs : [5123.0, 5123.0, 5123.0, 5123.0, 5123.0, 5123.0, 5147.0, 5147.0, 5147.0, 5147.0]
Solutions cost-time: [(5123.0, 180.4293098449707), (5123.0, 180.44080567359924), (5123.0, 180.38591241836548), (5123.0, 180.42838883399963), (5123.0, 180.43288898468018), (5123.0, 180.37396478652954), (5147.0, 180.4373116493225), (5147.0, 180.4359633922577), (5147.0, 180.39655447006226), (5147.0, 180.44221210479736)]
Best Solution: (5147.0, 180.4373116493225)
Average Solution: 5132.6



----Log for kpf_5_sum.txt-1000----:

Solutions costs : [5119.0, 5119.0, 5119.0, 5119.0, 5119.0, 5119.0, 5119.0, 5119.0, 5119.0, 5119.0]
Solutions cost-time: [(5119.0, 180.42291808128357), (5119.0, 180.43496465682983), (5119.0, 180.4299545288086), (5119.0, 180.4290087223053), (5119.0, 180.39821863174438), (5119.0, 180.42132449150085), (5119.0, 180.44957160949707), (5119.0, 180.37286639213562), (5119.0, 180.49194645881653), (5119.0, 180.43387651443481)]
Best Solution: (5119.0, 180.42291808128357)
Average Solution: 5119.0



----Log for kpf_4_sum.txt-1000----:

Solutions costs : [5102.0, 5102.0, 5102.0, 5102.0, 5102.0, 5102.0, 5102.0, 5102.0, 5102.0, 5102.0]
Solutions cost-time: [(5102.0, 180.37698006629944), (5102.0, 180.4261155128479), (5102.0, 180.43913960456848), (5102.0, 180.39394783973694), (5102.0, 180.43088364601135), (5102.0, 180.4505970478058), (5102.0, 180.37314081192017), (5102.0, 180.4238531589508), (5102.0, 180.46477723121643), (5102.0, 180.37949895858765)]
Best Solution: (5102.0, 180.37698006629944)
Average Solution: 5102.0

